[93 28 49]
[ 78 113  25]
[10 18 32]
[20 36 89]
[12 28 49]
[17 31 85]
[ 3 22 37]
[111  54 126]
[80 92 76]
[ 12  16 120]
[10 18 32]
[ 87 115  58]
[56 91 10]
[58 74 75]
[ 1 19 59]
[21 56 91]
[70 90 28]
[120  97  43]
[127  98  62]
[96 89 58]
[44 28 49]
[13 57 73]
[ 65  82 109]
[125 128   4]
[17 31 85]
[34 99 58]
[14 29 56]
[45 42 63]
[26 10 18]
[105  88 118]
[ 15 119  19]
[58 74 96]
[25 83 78]
[ 53 117 100]
[ 88 118 105]
[ 54 111 126]
[34 99 58]
[89 20 36]
[56 91 10]
[ 78 101  39]
[103  63  40]
[10 18 32]
[33 52 68]
[ 53 117 100]
[ 54 111 126]
[34 99 58]
[127 111   8]
[130  10  18]
[75 58 74]
[  2  84 113]
[25 83 78]
[10 18 32]
[62 98 28]
[ 63 125  61]
[ 63 100  53]
[78 14 42]
[14 43 62]
[ 62  98 125]
[ 69 113  28]
[127 126 128]
[ 16  78 113]
[126  27  92]
[93 44 58]
[34 28 49]
[75 58 74]
[ 80 125  61]