[1.1057662029915618, 1.3129306489308479, 1.3429542117949318, 1.3493032285315283, 1.3493032285315283, 1.3493032285315283, 1.3494378131585243, 1.3494378131585243, 1.3494378131585243, 1.3612994883227194]
[1.0536712127723509e-08, 0.5409572837685994, 0.5409572837685994, 1.0947226247126893, 1.1332634597790985, 1.2755782930968718, 1.2758456885011662, 1.306786273964234, 1.3158663223504468, 1.3158663223504468]
[1.1151094309628193, 1.1962413050344014, 1.1988783615485326, 1.1988783615485326, 1.1988783615485326, 1.2024088230156458, 1.2055987774103272, 1.2090780258486076, 1.236581637445246, 1.261209865637725]
[1.0468664492370976, 1.054351040323964, 1.054351040323964, 1.094537333818156, 1.0952939297040745, 1.2058124427349948, 1.2058124427349948, 1.2468349998446142, 1.2662617757976764, 1.2725357099536672]
[1.0173443094728654, 1.0173443094728654, 1.0173443094728654, 1.0173443094728654, 1.0173443094728654, 1.0173443094728654, 1.0766587569660646, 1.0766587569660646, 1.1350267952040616, 1.1546651432696053]
[0.0, 0.0, 0.0, 1.0554116066631372, 1.0554116066631372, 1.0554116066631372, 1.0554116066631372, 1.0554116066631372, 1.0554116066631372, 1.2161276803464272]
[0.0, 0.0, 0.0, 1.2701120675377628, 1.294666818073243, 1.297424116246518, 1.297424116246518, 1.297424116246518, 1.3233432860145034, 1.3438630329707766]
[1.0536712127723509e-08, 1.2161276803464272, 1.2161276803464272, 1.2161276803464272, 1.2256763596486795, 1.2428454312508925, 1.2428454312508925, 1.248623005865764, 1.2922915706093063, 1.2990867555347774]
[1.0984293271292354, 1.1998705414355206, 1.2023372809587156, 1.2071389432202146, 1.2467697808527252, 1.270711875236096, 1.293832612908384, 1.3228852336333787, 1.3264063823621863, 1.3264063823621863]
[1.0399496307773026, 1.123360859479717, 1.1664992783369244, 1.273079982037591, 1.276131717865002, 1.27956835787177, 1.2805916933719201, 1.2823948871804016, 1.2948409067857631, 1.297318758074859]
[1.1819661809392767, 1.2114467193700797, 1.238776966125852, 1.2401430230725046, 1.2401430230725046, 1.242186514311531, 1.2625698250203825, 1.2799465167788513, 1.2886318481821555, 1.2901541113691728]
[1.0872228743367875, 1.190074057548567, 1.206655122488737, 1.2205019222660263, 1.2205019222660263, 1.2279024629968687, 1.2377609487459633, 1.2526007752048032, 1.2626294657053843, 1.2784803191800398]
[0.0, 0.0, 0.0, 1.279531128212352, 1.3357503265266988, 1.341372968464675, 1.367093552693025, 1.3713497703900777, 1.3751551375268694, 1.3751551375268694]
[0.0, 0.0, 0.5409572837685998, 1.1470410050109643, 1.1785616083284611, 1.2203539454937637, 1.2491678710594434, 1.2491678710594434, 1.2491678710594434, 1.2967890112677027]
[1.1363372423681743, 1.1532577736693361, 1.177514229771078, 1.2068719446099736, 1.2274987002479056, 1.2329382266424056, 1.2402078291794443, 1.2527282432375932, 1.2938148908190708, 1.2946047727283425]
[0.9355408199996518, 1.0822106616204705, 1.0822106616204705, 1.0822106616204705, 1.0822106616204705, 1.0822106616204705, 1.0822106616204705, 1.1406358586804073, 1.1406358586804073, 1.2628312205469114]
[1.124022745217469, 1.149435296135345, 1.1617324777734865, 1.2112498791418926, 1.2406556394773562, 1.246395798847322, 1.246395798847322, 1.2514767029634326, 1.2657722306545593, 1.2736943120909454]
[0.0, 0.0, 1.3290451205646245, 1.340926822605268, 1.369153961529526, 1.3713725124279117, 1.3748319874787098, 1.3802775063958976, 1.3822688844228277, 1.3822688844228277]
[0.0, 0.0, 0.0, 1.0107781404720813, 1.2086370582619237, 1.272375150876058, 1.2739214088608963, 1.2744960017563391, 1.2747125010599767, 1.2763850696918715]
[0.0, 0.0, 1.247981147814828, 1.247981147814828, 1.2626585862091226, 1.2626585862091226, 1.2626585862091226, 1.2626585862091226, 1.2626585862091226, 1.2626585862091226]
[0.0, 0.0, 1.3313544635218941, 1.3313544635218941, 1.3318854009040215, 1.3318854009040215, 1.3318854009040215, 1.344712519670431, 1.3462384771024263, 1.3462384771024263]
[0.0, 0.9906667354714161, 0.9906667354714161, 0.9906667354714161, 1.2252298836634528, 1.2252298836634528, 1.243473398199741, 1.263543748113368, 1.2781551102068123, 1.2856300462842456]
[0.9999999999999997, 0.9999999999999998, 0.9999999999999998, 0.9999999999999998, 0.9999999999999998, 0.9999999999999998, 0.9999999999999998, 0.9999999999999998, 0.9999999999999998, 0.9999999999999998]
[0.0, 1.3094112506236115, 1.3277301594619093, 1.3421423661932663, 1.3439513793513662, 1.3439513793513662, 1.346839728002932, 1.3535274739136518, 1.3535274739136518, 1.3535274739136518]
[0.0, 0.0, 0.0, 0.0, 0.0, 0.0, 1.055411606663137, 1.055411606663137, 1.055411606663137, 1.2409954546684567]
[0.0, 0.0, 0.0, 0.0, 1.297843365218413, 1.3258943769698488, 1.3365312188071223, 1.338487464396629, 1.338487464396629, 1.339522936347797]
[0.0, 0.0, 1.3313544635218941, 1.3313544635218941, 1.3318854009040215, 1.3318854009040215, 1.3318854009040215, 1.344712519670431, 1.3462384771024263, 1.3462384771024263]
[0.0, 1.3147648027096195, 1.322890772298067, 1.328408563139669, 1.3398149699846105, 1.3478752236930616, 1.3483350838141117, 1.3489125476040777, 1.3489125476040777, 1.3489125476040777]
[0.0, 1.2261023658300036, 1.2261023658300036, 1.2351776897796636, 1.2701120675377626, 1.2701120675377626, 1.2701120675377626, 1.2763850696918715, 1.2763850696918715, 1.2763850696918715]
[1.1081208362003863, 1.1532689166315127, 1.1937420280878275, 1.2351728032146048, 1.2351728032146048, 1.272298292188557, 1.290988137127435, 1.290988137127435, 1.29556360979755, 1.3091336487257905]
[0.0, 0.0, 1.3290451205646245, 1.340926822605268, 1.369153961529526, 1.3713725124279117, 1.3748319874787098, 1.3802775063958976, 1.3822688844228277, 1.3822688844228277]
[0.0, 0.0, 0.0, 0.0, 0.0, 0.0, 1.055411606663137, 1.055411606663137, 1.055411606663137, 1.2409954546684567]
[1.062211316806383, 1.1040789022403605, 1.2033994924555962, 1.2213727954005702, 1.2334899974736289, 1.2499627640572348, 1.2583248098349662, 1.2757076732689987, 1.2766953977830577, 1.2779351162170316]
[1.215650956526244, 1.2186472290520525, 1.2251025183740534, 1.2631865140140943, 1.2761592614981012, 1.2761592614981012, 1.281091525271031, 1.285120957158291, 1.2950211999350902, 1.304807356039168]
[1.03259099372404, 1.0615731093554754, 1.1169866182500896, 1.1667962647303214, 1.172813549498267, 1.1796063139761528, 1.1983430414930798, 1.2377419045612899, 1.2377419045612899, 1.2404552264187745]
[0.8026566127305893, 1.199816706797607, 1.257286183655734, 1.2652826199287805, 1.2652826199287805, 1.2679282740881608, 1.2679282740881608, 1.2724676620568791, 1.2724676620568791, 1.2808110593403397]
[0.0, 1.271061498771354, 1.272392083025348, 1.2782234318211612, 1.2808747878354303, 1.2856382374865283, 1.2971165079461024, 1.3074962389661122, 1.3074962389661122, 1.3145897154512363]
[1.0768997701088037, 1.0768997701088037, 1.084171252957558, 1.084171252957558, 1.084171252957558, 1.182632100388358, 1.225318966155407, 1.225318966155407, 1.2307553483104654, 1.2364847734164066]
[0.0, 1.2261023658300036, 1.2261023658300036, 1.2351776897796636, 1.2701120675377626, 1.2701120675377626, 1.2701120675377626, 1.2763850696918715, 1.2763850696918715, 1.2763850696918715]
[1.0536712127723509e-08, 1.2999710492840302, 1.3093560093257186, 1.315723220437393, 1.3288718217537114, 1.3381522635105159, 1.3386814707608807, 1.3393459757132313, 1.3393459757132313, 1.3393459757132313]